set term png
set output "printme.png"
plot '-' using 1:2
0 -0.013969
1.95312 -0.0118128
3.90625 -0.0117626
5.85938 -0.0120447
7.8125 -0.0111496
9.76562 -0.0114738
11.7188 -0.0123881
13.6719 -0.0111122
15.625 -0.00922786
17.5781 -0.0092342
19.5312 -0.0111819
21.4844 -0.011352
23.4375 -0.00639351
25.3906 -0.00963977
27.3438 -0.00852763
29.2969 -0.00764337
31.25 -0.0086938
33.2031 -0.00956243
35.1562 -0.00450539
37.1094 -0.00787135
39.0625 -0.00776282
41.0156 -0.00669494
42.9688 -0.00191231
44.9219 -0.0051846
46.875 -0.00582676
48.8281 -0.00922015
50.7812 -0.00442798
52.7344 -0.00180841
54.6875 -0.00501577
56.6406 -0.00253555
58.5938 -0.00391034
60.5469 0.00212611
62.5 -0.00258963
64.4531 -0.00525148
66.4062 -0.00326733
68.3594 0.000443915
70.3125 -0.00449497
72.2656 -0.00349894
74.2188 0.00326658
76.1719 0.000314354
78.125 -0.00373523
80.0781 -0.00196784
82.0312 -0.000813255
83.9844 -0.000381351
85.9375 0.00143318
87.8906 0.00200276
89.8438 4.35259e-05
91.7969 -0.00016993
93.75 0.00117005
95.7031 3.28221e-05
97.6562 0.00170676
99.6094 -0.00348184
101.562 0.00210383
103.516 0.000243925
105.469 0.00279181
107.422 -0.00472088
109.375 0.00329345
111.328 0.00151892
113.281 0.00236292
115.234 0.00356514
117.188 -0.000167677
119.141 0.00139812
121.094 0.00131549
123.047 -0.00368355
125 -0.00509541
126.953 0.00389743
128.906 -0.00116331
130.859 0.0023166
132.812 0.00330324
134.766 -0.000694023
136.719 0.00594386
138.672 0.00498452
140.625 -0.00218863
142.578 0.00392016
144.531 0.00436891
146.484 -0.00167443
148.438 0.00081004
150.391 0.00169074
152.344 -0.00189767
154.297 0.0029209
156.25 -0.000938292
158.203 0.0033866
160.156 0.00209432
162.109 0.0033595
164.062 0.00656697
166.016 -0.000372862
167.969 0.00381812
169.922 0.00105414
171.875 0.000407014
173.828 0.00214837
175.781 0.00663592
177.734 0.00340225
179.688 0.00331988
181.641 0.0058142
183.594 0.00300984
185.547 0.00317559
187.5 0.000858237
189.453 0.00391767
191.406 0.00280993
193.359 -0.00470244
195.312 0.00272968
197.266 0.000504038
199.219 0.000134985
201.172 0.00285125
203.125 0.00486336
205.078 0.00605176
207.031 -0.00205036
208.984 -0.00371474
210.938 0.00651749
212.891 0.00271335
214.844 0.00519107
216.797 0.00221415
218.75 0.00469568
220.703 -0.00121748
222.656 0.00461387
224.609 0.00256364
226.562 0.00391743
228.516 0.00530978
230.469 0.00111355
232.422 -0.000164212
234.375 0.00224314
236.328 0.00307698
238.281 0.00300862
240.234 0.00440806
242.188 0.00442221
244.141 0.00608139
246.094 0.00095839
248.047 0.00462209
250 0.00158446
251.953 0.00364988
253.906 0.00208161
255.859 0.0015631
257.812 0.00545641
259.766 -0.00349425
261.719 0.00390188
263.672 -0.00562961
265.625 0.00353622
267.578 0.00521975
269.531 -0.00724255
271.484 0.00240492
273.438 0.00499404
275.391 0.00292631
277.344 -0.00116403
279.297 0.00216797
281.25 0.00460593
283.203 0.00296507
285.156 0.00536354
287.109 0.00441869
289.062 0.00283038
291.016 0.00587275
292.969 0.00310847
294.922 0.00287142
296.875 0.00390943
298.828 0.00403048
300.781 0.00492131
302.734 0.00225429
304.688 0.00200542
306.641 0.00561282
308.594 0.00395197
310.547 0.00319475
312.5 0.00515528
314.453 0.00156378
316.406 0.00946677
318.359 0.00588128
320.312 0.00365082
322.266 -0.00182345
324.219 -0.00371901
326.172 0.00569691
328.125 0.00373142
330.078 0.00530258
332.031 0.00309033
333.984 0.00708028
335.938 0.00626316
337.891 0.00521722
339.844 -0.00232049
341.797 0.00257074
343.75 0.000280815
345.703 0.0040683
347.656 0.00272524
349.609 0.00326227
351.562 0.00566605
353.516 0.00588323
355.469 0.0037155
357.422 0.00590968
359.375 0.00142229
361.328 0.00348372
363.281 0.00356493
365.234 0.00593094
367.188 -0.000880985
369.141 -0.00196478
371.094 0.00302714
373.047 0.00318118
375 -0.000495896
376.953 0.00364146
378.906 0.0063283
380.859 0.0036122
382.812 0.0082289
384.766 0.00458631
386.719 0.00719874
388.672 0.00632096
390.625 0.00536842
392.578 0.00472541
394.531 0.00163352
396.484 0.00631074
398.438 0.00399194
400.391 0.00230702
402.344 0.00724889
404.297 0.004306
406.25 0.00308585
408.203 0.00397799
410.156 0.000187653
412.109 0.00454495
414.062 0.00439583
416.016 0.00387989
417.969 0.000583629
419.922 0.000396565
421.875 0.00347733
423.828 0.00328122
425.781 0.00312905
427.734 0.00390387
429.688 0.00237356
431.641 0.0039794
433.594 0.00782116
435.547 0.00503384
437.5 0.000782628
439.453 0.00292525
441.406 -0.00543241
443.359 0.00404407
445.312 0.000895469
447.266 0.0019876
449.219 0.00289724
451.172 0.00520713
453.125 0.00622292
455.078 0.00458546
457.031 -0.000561259
458.984 0.00677157
460.938 -0.00545622
462.891 0.00680373
464.844 -0.000511642
466.797 0.00679259
468.75 0.00601476
470.703 0.00228479
472.656 0.00836174
474.609 0.00581642
476.562 0.00802654
478.516 0.00479747
480.469 0.00197837
482.422 0.00155488
484.375 0.00813935
486.328 0.00468419
488.281 0.00719633
490.234 0.00690268
492.188 0.00731505
494.141 0.00722435
496.094 0.000506805
498.047 0.00380351
500 0.00500437
501.953 0.00562896
503.906 0.00270074
505.859 0.00532901
507.812 0.00219313
509.766 0.00712317
511.719 0.00124995
513.672 0.00762064
515.625 0.00838964
517.578 0.00112245
519.531 -0.000534663
521.484 0.00136388
523.438 0.00239774
525.391 0.000594739
527.344 -0.00275978
529.297 0.0022603
531.25 0.0045862
533.203 -0.00118598
535.156 0.00138418
537.109 0.00499061
539.062 0.00592051
541.016 0.00684647
542.969 0.00551245
544.922 0.00254323
546.875 0.00639562
548.828 0.00519933
550.781 0.00176815
552.734 0.00262158
554.688 0.00754654
556.641 0.00323576
558.594 0.000748233
560.547 0.00384586
562.5 0.00677871
564.453 0.00379846
566.406 0.00487067
568.359 -0.00305252
570.312 0.00600988
572.266 0.0056351
574.219 0.00761386
576.172 0.00390986
578.125 0.00123414
580.078 0.00761147
582.031 -0.000530345
583.984 0.00570111
585.938 -0.00188264
587.891 0.00494336
589.844 0.00180135
591.797 0.00715158
593.75 0.00489179
595.703 0.00319053
597.656 0.00215465
599.609 -0.00140157
601.562 0.00410107
603.516 0.00339784
605.469 0.00301846
607.422 0.00414601
609.375 0.00498093
611.328 0.00911979
613.281 0.00592892
615.234 0.00363713
617.188 0.0084212
619.141 0.00355926
621.094 0.00565454
623.047 0.00442448
625 0.005767
626.953 0.00836943
628.906 0.00670946
630.859 0.00742184
632.812 0.00572728
634.766 0.00658012
636.719 0.00338299
638.672 0.00313135
640.625 -0.00072231
642.578 -0.000530458
644.531 0.00599525
646.484 -0.00353206
648.438 0.00361102
650.391 0.00794612
652.344 0.00547892
654.297 0.00608619
656.25 0.00454692
658.203 0.00265162
660.156 0.00679628
662.109 0.00900259
664.062 0.00594227
666.016 0.00708336
667.969 0.00572339
669.922 0.00739528
671.875 -0.00101776
673.828 0.00358072
675.781 0.00664954
677.734 0.00238049
679.688 0.00849183
681.641 0.00858946
683.594 -0.000468027
685.547 0.00470517
687.5 -0.00110789
689.453 0.0036527
691.406 0.00666832
693.359 -0.0184242
695.312 -0.000455214
697.266 0.00721733
699.219 0.00932643
701.172 0.00763485
703.125 0.00751535
705.078 0.00409713
707.031 0.00722319
708.984 0.00516914
710.938 0.00457292
712.891 0.00404119
714.844 0.00222899
716.797 0.00805899
718.75 0.00400547
720.703 0.00674413
722.656 0.00220237
724.609 0.00919727
726.562 0.00597801
728.516 0.00520123
730.469 0.00551451
732.422 0.00872632
734.375 0.00914555
736.328 0.00672671
738.281 0.0071902
740.234 0.0070088
742.188 0.00556022
744.141 0.0067357
746.094 0.00873204
748.047 0.00507247
750 0.00380767
751.953 0.00256026
753.906 0.00686063
755.859 0.00761294
757.812 0.00805499
759.766 0.0060562
761.719 0.00769696
763.672 0.00780323
765.625 0.00646956
767.578 0.00801171
769.531 0.00153063
771.484 0.00651353
773.438 0.000745723
775.391 0.00881702
777.344 0.00530855
779.297 0.00583657
781.25 0.00450176
783.203 0.00457141
785.156 -0.000811792
787.109 0.00450804
789.062 0.00481642
791.016 0.00666117
792.969 0.00450776
794.922 0.0077159
796.875 0.00787851
798.828 0.00310592
800.781 0.00446351
802.734 0.00672824
804.688 0.00571535
806.641 0.00737661
808.594 0.0047055
810.547 0.0080563
812.5 0.00489227
814.453 0.0100635
816.406 0.00659574
818.359 0.0069774
820.312 0.00325083
822.266 0.00754949
824.219 0.00425059
826.172 -0.00631049
828.125 0.00878558
830.078 -0.000175761
832.031 0.00250637
833.984 0.00378792
835.938 0.00869817
837.891 0.0100185
839.844 0.00743176
841.797 0.00379272
843.75 0.00179172
845.703 0.00175774
847.656 0.00415777
849.609 0.00802417
851.562 0.00348425
853.516 0.00943807
855.469 0.00709427
857.422 0.00702235
859.375 0.00712978
861.328 0.00732464
863.281 0.00622401
865.234 0.00367094
867.188 0.0110474
869.141 0.00889967
871.094 0.00776948
873.047 0.00360861
875 0.00501996
876.953 0.00503521
878.906 0.00951353
880.859 0.00717094
882.812 0.00807878
884.766 0.00938223
886.719 0.00737689
888.672 0.00717183
890.625 0.00846638
892.578 0.00555589
894.531 0.00513376
896.484 0.00865932
898.438 0.00525917
900.391 -0.00131382
902.344 0.00856425
904.297 0.00660772
906.25 0.0094107
908.203 0.00826815
910.156 0.00373978
912.109 0.00809872
914.062 0.000308264
916.016 0.0041945
917.969 0.0072711
919.922 0.00751879
921.875 0.00206293
923.828 0.00665707
925.781 0.00675939
927.734 0.00629655
929.688 0.00297855
931.641 0.00468489
933.594 0.00143603
935.547 0.00474449
937.5 -0.00134939
939.453 0.00520615
941.406 0.00716058
943.359 0.00712957
945.312 0.00467706
947.266 0.0061851
949.219 0.00229241
951.172 0.00838505
953.125 0.0080555
955.078 0.00419925
957.031 0.0085687
958.984 0.00833918
960.938 0.00676186
962.891 0.00823116
964.844 0.00125158
966.797 0.00758761
968.75 0.0060976
970.703 0.00651504
972.656 0.0093509
974.609 0.00557526
976.562 0.00725128
978.516 0.00566046
980.469 0.00549107
982.422 0.00776401
984.375 0.00899874
986.328 0.00585066
988.281 0.00590866
990.234 0.00966698
992.188 0.00832806
994.141 0.0084057
996.094 0.00284917
998.047 0.00836924
1000 -0.000601646
1001.95 0.00880192
1003.91 0.00623609
1005.86 0.00416946
1007.81 0.00249497
1009.77 0.00669141
1011.72 0.00582298
1013.67 0.00249776
1015.62 0.00128067
1017.58 0.00782697
1019.53 0.00517428
1021.48 0.000165018
1023.44 0.00312535
1025.39 0.00521431
1027.34 0.00602453
1029.3 0.00455377
1031.25 0.00805254
1033.2 0.0079196
1035.16 0.00762559
1037.11 0.00353721
1039.06 0.00684928
1041.02 0.00333733
1042.97 0.00647309
1044.92 0.00228044
1046.88 0.00759969
1048.83 0.00859333
1050.78 0.00984829
1052.73 0.00666036
1054.69 0.00566987
1056.64 0.00538806
1058.59 0.00705413
1060.55 0.00663001
1062.5 0.000250037
1064.45 0.00410162
1066.41 0.00560863
1068.36 0.00430786
1070.31 7.73127e-06
1072.27 -0.000828126
1074.22 0.00721047
1076.17 0.00481297
1078.12 0.00956271
1080.08 0.00263801
1082.03 0.0031923
1083.98 0.00885285
1085.94 0.00763581
1087.89 0.00733442
1089.84 0.00673868
1091.8 0.00338026
1093.75 0.0060783
1095.7 0.00908436
1097.66 0.00851353
1099.61 -0.00604777
1101.56 0.00460002
1103.52 0.0100291
1105.47 0.00779852
1107.42 0.00731035
1109.38 0.0103881
1111.33 0.0100744
1113.28 0.0090957
1115.23 0.00607787
1117.19 0.00825539
1119.14 0.00282196
1121.09 -0.00101606
1123.05 0.00483119
1125 0.00479753
1126.95 0.00461076
1128.91 0.00204926
1130.86 0.00942486
1132.81 0.00616363
1134.77 0.00374825
1136.72 0.00147649
1138.67 0.00603822
1140.62 0.00748463
1142.58 0.00953179
1144.53 0.0063583
1146.48 0.00385043
1148.44 0.00100974
1150.39 0.0078759
1152.34 0.0100126
1154.3 0.00659158
1156.25 0.00506323
1158.2 0.00768197
1160.16 0.00475688
1162.11 0.00169592
1164.06 0.00644864
1166.02 0.00397441
1167.97 0.00771556
1169.92 0.00902352
1171.88 0.0064284
1173.83 0.00048898
1175.78 -0.00134656
1177.73 0.0058284
1179.69 0.00572286
1181.64 0.00611764
1183.59 0.00266135
1185.55 0.00731339
1187.5 0.00884438
1189.45 0.00839244
1191.41 0.0102867
1193.36 0.00803309
1195.31 0.00712346
1197.27 0.010478
1199.22 0.00806831
1201.17 0.00822448
1203.12 0.0024559
1205.08 0.00233204
1207.03 0.00868399
1208.98 0.00648512
1210.94 0.00459158
1212.89 0.00844404
1214.84 0.00485506
1216.8 0.0103871
1218.75 0.00348297
1220.7 0.00340991
1222.66 0.00851973
1224.61 0.00637178
1226.56 0.00441087
1228.52 0.0067805
1230.47 0.00806502
1232.42 0.00636028
1234.38 0.00358613
1236.33 0.00132872
1238.28 0.00338158
1240.23 0.00888354
1242.19 0.0062555
1244.14 0.0078103
1246.09 0.00586717
1248.05 0.0112573
1250 0.0064414
1251.95 0.00512489
1253.91 0.00105317
1255.86 0.00571944
1257.81 0.00444978
1259.77 0.00747982
1261.72 0.00391021
1263.67 0.0084327
1265.62 0.00762051
1267.58 0.00103241
1269.53 0.00318666
1271.48 0.00804642
1273.44 -0.00117766
1275.39 0.00497246
1277.34 0.0078072
1279.3 0.00783662
1281.25 0.00693469
1283.2 0.00454954
1285.16 0.00651426
1287.11 0.00704508
1289.06 0.00498383
1291.02 0.00684864
1292.97 0.00852835
1294.92 0.00689793
1296.88 0.00589076
1298.83 0.00951814
1300.78 0.00577091
1302.73 0.00607964
1304.69 0.000370185
1306.64 0.0076806
1308.59 0.00599294
1310.55 0.00395689
1312.5 0.00776718
1314.45 0.00317793
1316.41 0.00664932
1318.36 0.000518135
1320.31 0.00792805
1322.27 0.0115894
1324.22 0.00932038
1326.17 0.00442488
1328.12 0.00833844
1330.08 0.00892649
1332.03 0.00964367
1333.98 0.00495328
1335.94 0.00516841
1337.89 0.00755756
1339.84 0.010446
1341.8 0.00675529
1343.75 0.00345488
1345.7 0.0064052
1347.66 -0.000674381
1349.61 0.00522314
1351.56 0.00530712
1353.52 0.00432398
1355.47 -0.00168922
1357.42 0.00728274
1359.38 0.00646721
1361.33 0.00453022
1363.28 0.00805988
1365.23 0.00967661
1367.19 0.00398817
1369.14 0.00723637
1371.09 0.00477131
1373.05 0.00831382
1375 0.00940647
1376.95 0.00122097
1378.91 0.00378347
1380.86 0.00402947
1382.81 0.00757022
1384.77 0.00558247
1386.72 0.00644523
1388.67 0.000703725
1390.62 0.00929608
1392.58 0.00909425
1394.53 0.00108668
1396.48 0.0076435
1398.44 -0.000760947
1400.39 0.0045019
1402.34 0.00871403
1404.3 0.00805102
1406.25 0.00511163
1408.2 0.00509152
1410.16 0.00605756
1412.11 0.00946945
1414.06 0.00840565
1416.02 0.00406264
1417.97 0.00391744
1419.92 0.00740298
1421.88 0.00924389
1423.83 0.00774164
1425.78 0.00850793
1427.73 0.00835895
1429.69 0.00014689
1431.64 0.00724939
1433.59 0.00800731
1435.55 0.00867112
1437.5 0.00369154
1439.45 0.00585045
1441.41 0.00470178
1443.36 0.0074387
1445.31 0.00511083
1447.27 0.00653142
1449.22 0.00566165
1451.17 0.00217342
1453.12 0.00951391
1455.08 0.00649682
1457.03 0.00549169
1458.98 0.00891671
1460.94 0.00806976
1462.89 0.00403799
1464.84 0.0041786
1466.8 0.00243501
1468.75 0.00536446
1470.7 0.00625709
1472.66 0.00656255
1474.61 0.00714064
1476.56 -0.00245614
1478.52 0.00829378
1480.47 0.00697405
1482.42 0.0109753
1484.38 0.00992788
1486.33 0.00914765
1488.28 0.00940298
1490.23 0.00560875
1492.19 0.00704303
1494.14 0.0110596
1496.09 0.00871125
1498.05 0.00779503
1500 0.00395945
1501.95 0.00994568
1503.91 0.00606707
1505.86 0.0101737
1507.81 -0.0100063
1509.77 0.00248121
1511.72 0.0112474
1513.67 0.00466224
1515.62 0.00798894
1517.58 0.00905463
1519.53 0.00940134
1521.48 0.00596688
1523.44 0.00684252
1525.39 0.000125276
1527.34 0.00731927
1529.3 0.0066695
1531.25 0.00797687
1533.2 0.00816345
1535.16 0.00515792
1537.11 0.00721376
1539.06 0.00809707
1541.02 0.00900238
1542.97 0.0037391
1544.92 0.00861194
1546.88 0.00844669
1548.83 0.00832566
1550.78 0.0057904
1552.73 0.00970902
1554.69 0.0052137
1556.64 0.0105333
1558.59 0.00666228
1560.55 0.00888368
1562.5 0.00612921
1564.45 0.0112391
1566.41 0.00998008
1568.36 0.00567237
1570.31 0.0064032
1572.27 0.00949912
1574.22 0.00766604
1576.17 0.00139554
1578.12 0.0100203
1580.08 0.00297895
1582.03 0.00507937
1583.98 0.00847562
1585.94 0.00661901
1587.89 0.00324257
1589.84 0.0089544
1591.8 0.0087511
1593.75 0.00375743
1595.7 -0.00163063
1597.66 0.008438
1599.61 0.00607484
1601.56 0.00644441
1603.52 0.00935798
1605.47 0.00906882
1607.42 0.0104207
1609.38 0.00203817
1611.33 0.00531349
1613.28 0.00562681
1615.23 0.00719125
1617.19 0.00715273
1619.14 0.00545377
1621.09 0.00810121
1623.05 0.00616525
1625 0.00992169
1626.95 0.0085234
1628.91 0.00815126
1630.86 0.00711774
1632.81 0.00525617
1634.77 -0.00467762
1636.72 0.0062305
1638.67 0.00340007
1640.62 0.00703549
1642.58 0.00473089
1644.53 0.00807263
1646.48 -0.000914835
1648.44 0.00805067
1650.39 0.00478552
1652.34 0.00789027
1654.3 0.00466148
1656.25 0.00822062
1658.2 0.000256241
1660.16 0.00534477
1662.11 0.00337202
1664.06 0.00335201
1666.02 0.00788132
1667.97 0.0122718
1669.92 0.0102026
1671.88 0.00765544
1673.83 0.00465433
1675.78 0.006448
1677.73 0.00468137
1679.69 0.00773002
1681.64 0.00826265
1683.59 0.00468212
1685.55 0.010304
1687.5 0.00755301
1689.45 0.00934071
1691.41 0.00337902
1693.36 0.00686082
1695.31 0.00880993
1697.27 0.00732679
1699.22 0.00727429
1701.17 0.00302098
1703.12 0.00524528
1705.08 0.00821914
1707.03 0.00844216
1708.98 0.00703478
1710.94 0.00996725
1712.89 0.00432706
1714.84 0.00866168
1716.8 -0.000405531
1718.75 0.0071421
1720.7 0.00885555
1722.66 0.00455185
1724.61 0.00797521
1726.56 0.00513224
1728.52 0.0108037
1730.47 0.00653605
1732.42 -0.000209761
1734.38 0.00979137
1736.33 0.00397787
1738.28 -0.000913735
1740.23 0.00778105
1742.19 0.00491456
1744.14 0.00597271
1746.09 0.00834092
1748.05 0.00252395
1750 0.00924496
1751.95 0.00580766
1753.91 0.00370985
1755.86 0.00878133
1757.81 0.00799173
1759.77 0.00786499
1761.72 0.00765909
1763.67 0.00786807
1765.62 0.00330861
1767.58 0.00649128
1769.53 0.00875696
1771.48 0.00638683
1773.44 0.00542237
1775.39 0.00531965
1777.34 0.007618
1779.3 0.00881096
1781.25 0.00935136
1783.2 0.00611823
1785.16 0.0101405
1787.11 0.000176299
1789.06 0.00705809
1791.02 0.00621192
1792.97 0.00599061
1794.92 0.00612144
1796.88 0.00440327
1798.83 0.00546135
1800.78 0.00677996
1802.73 0.00695141
1804.69 0.0101784
1806.64 0.0081621
1808.59 0.00798835
1810.55 0.00740958
1812.5 0.00689519
1814.45 0.00763305
1816.41 0.00812219
1818.36 0.00866988
1820.31 0.00464414
1822.27 0.00575176
1824.22 0.00743513
1826.17 0.00895589
1828.12 0.00722243
1830.08 0.00892561
1832.03 0.00857698
1833.98 0.00114484
1835.94 0.00534834
1837.89 0.00675201
1839.84 0.00717251
1841.8 0.00462491
1843.75 0.00318755
1845.7 0.00968218
1847.66 0.00571769
1849.61 0.00784121
1851.56 0.00550119
1853.52 0.00988821
1855.47 0.00714804
1857.42 0.00823096
1859.38 0.00337634
1861.33 0.00826936
1863.28 0.00834267
1865.23 0.00533953
1867.19 0.00890976
1869.14 0.00778976
1871.09 -0.00203496
1873.05 0.00698801
1875 0.00568577
1876.95 0.00976013
1878.91 0.00979063
1880.86 0.00694285
1882.81 0.00475948
1884.77 0.0021478
1886.72 0.00644347
1888.67 0.00624705
1890.62 0.00796241
1892.58 0.0039387
1894.53 0.00702692
1896.48 0.00606714
1898.44 0.00541189
1900.39 0.0109183
1902.34 0.00635923
1904.3 0.00853279
1906.25 0.0103785
1908.2 0.00613481
1910.16 0.00834987
1912.11 0.00705466
1914.06 0.00907045
1916.02 0.00209796
1917.97 0.00222903
1919.92 -0.00281422
1921.88 0.00765586
1923.83 0.00500291
1925.78 0.00874202
1927.73 0.00785738
1929.69 0.00623688
1931.64 0.0057125
1933.59 0.0077328
1935.55 0.0106903
1937.5 0.00658947
1939.45 0.00108978
1941.41 0.00765481
1943.36 0.00543686
1945.31 -0.00292721
1947.27 0.00546263
1949.22 0.00532104
1951.17 0.00373477
1953.12 0.00349061
1955.08 0.00455225
1957.03 0.00484996
1958.98 0.00116714
1960.94 0.00186549
1962.89 0.0061592
1964.84 0.001727
1966.8 0.00907763
1968.75 0.00957364
1970.7 0.00881585
1972.66 0.00972537
1974.61 0.00528659
1976.56 0.0020352
1978.52 0.00535494
1980.47 0.00789608
1982.42 0.00419948
1984.38 0.00627346
1986.33 0.00540692
1988.28 0.00896333
1990.23 0.00569545
1992.19 0.0099042
1994.14 0.000419236
1996.09 0.00128688
1998.05 0.00983567
2000 0.00262548
2001.95 0.00558062
2003.91 0.00674834
2005.86 0.00865651
2007.81 0.00510518
2009.77 0.00939895
2011.72 0.00655083
2013.67 0.00487912
2015.62 0.00205914
2017.58 0.00411321
2019.53 0.00211024
2021.48 0.00168338
2023.44 0.00824555
2025.39 0.00955288
2027.34 0.00799542
2029.3 0.00617578
2031.25 0.0101436
2033.2 0.00763106
2035.16 0.0032205
2037.11 0.00331695
2039.06 0.00468527
2041.02 0.00373966
2042.97 0.00681476
2044.92 0.0050471
2046.88 0.00732608
2048.83 0.00741099
2050.78 0.00699458
2052.73 0.00854744
2054.69 0.0100443
2056.64 0.0104141
2058.59 0.00558686
2060.55 0.00527546
2062.5 0.00854694
2064.45 0.0061835
2066.41 0.00739951
2068.36 -0.00381533
2070.31 0.00872114
2072.27 0.00571345
2074.22 0.00663625
2076.17 0.00382555
2078.12 0.00951208
2080.08 0.0068009
2082.03 0.0069101
2083.98 0.00724022
2085.94 0.00628837
2087.89 0.00750778
2089.84 0.0095287
2091.8 0.00857333
2093.75 0.00455043
2095.7 0.00630284
2097.66 0.00885618
2099.61 0.00665147
2101.56 0.00350609
2103.52 0.00361191
2105.47 0.000778123
2107.42 0.00851749
2109.38 0.00632105
2111.33 0.00605841
2113.28 0.00873438
2115.23 0.00522773
2117.19 0.0044408
2119.14 0.00987404
2121.09 0.00072221
2123.05 0.00797119
2125 -0.000810298
2126.95 0.00779802
2128.91 0.00536009
2130.86 0.00735502
2132.81 0.00655694
2134.77 0.00678546
2136.72 0.0066999
2138.67 0.00326945
2140.62 0.00691126
2142.58 0.0100934
2144.53 0.00307347
2146.48 0.000843834
2148.44 -0.00135156
2150.39 0.00797566
2152.34 0.00865691
2154.3 0.00647086
2156.25 0.00546324
2158.2 0.00390772
2160.16 -0.000823801
2162.11 0.00603535
2164.06 0.00748649
2166.02 -0.000221249
2167.97 0.00539183
2169.92 0.00532335
2171.88 0.00612664
2173.83 0.0071647
2175.78 0.00736956
2177.73 0.00690928
2179.69 0.00666029
2181.64 0.00651026
2183.59 0.00722622
2185.55 0.00973625
2187.5 0.00540267
2189.45 0.00655141
2191.41 0.00679155
2193.36 0.00510148
2195.31 -0.000213167
2197.27 0.0063991
2199.22 0.00960521
2201.17 0.00822076
2203.12 0.0051391
2205.08 0.00642386
2207.03 0.00377497
2208.98 0.00536433
2210.94 0.00573327
2212.89 0.00600059
2214.84 0.00580657
2216.8 0.00534002
2218.75 0.00202929
2220.7 0.00252754
2222.66 0.00609414
2224.61 0.00507964
2226.56 0.00449907
2228.52 0.00670281
2230.47 0.00770856
2232.42 0.0086127
2234.38 0.00270467
2236.33 0.0105843
2238.28 0.00820529
2240.23 0.00837836
2242.19 0.00338801
2244.14 -0.00040101
2246.09 0.0082223
2248.05 -0.00544965
2250 0.00548196
2251.95 0.00458684
2253.91 0.00458728
2255.86 -0.000484376
2257.81 0.00809005
2259.77 0.00956533
2261.72 0.00382707
2263.67 0.00435705
2265.62 0.00390184
2267.58 0.00264142
2269.53 0.00475624
2271.48 0.00834054
2273.44 0.00705746
2275.39 -0.00132028
2277.34 0.00612939
2279.3 0.00731713
2281.25 0.00337278
2283.2 0.0074956
2285.16 0.0063475
2287.11 0.00553327
2289.06 0.00529636
2291.02 -0.00553726
2292.97 0.00735855
2294.92 0.00864616
2296.88 0.00633225
2298.83 0.00715395
2300.78 7.75294e-05
2302.73 0.00736386
2304.69 0.00381791
2306.64 0.00112576
2308.59 0.00771592
2310.55 0.00664266
2312.5 0.00128261
2314.45 0.00457002
2316.41 0.00434526
2318.36 0.0062397
2320.31 0.00978732
2322.27 0.00176122
2324.22 0.00552668
2326.17 0.00630332
2328.12 -0.000223742
2330.08 0.00341772
2332.03 0.00888761
2333.98 0.00832238
2335.94 0.00455732
2337.89 0.00864865
2339.84 0.00243481
2341.8 0.00342566
2343.75 0.000178934
2345.7 0.00115751
2347.66 0.00666336
2349.61 0.00438609
2351.56 0.00743232
2353.52 0.000533694
2355.47 0.00889308
2357.42 0.00443835
2359.38 0.00795309
2361.33 0.00950646
2363.28 -0.00533968
2365.23 0.00621114
2367.19 -0.00316931
2369.14 0.0047643
2371.09 0.00742677
2373.05 0.00231694
2375 -0.00360853
2376.95 0.0014706
2378.91 0.00867948
2380.86 0.00776968
2382.81 -0.0015138
2384.77 0.00883845
2386.72 0.00578319
2388.67 0.00392447
2390.62 0.00422497
2392.58 -0.00168195
2394.53 0.00411523
2396.48 0.00657354
2398.44 0.00694926
2400.39 0.0081176
2402.34 0.0018454
2404.3 0.00471408
2406.25 0.00530237
2408.2 0.00456471
2410.16 0.00756268
2412.11 0.00628245
2414.06 0.00906183
2416.02 0.0064178
2417.97 0.00311893
2419.92 0.00223208
2421.88 0.00165928
2423.83 0.00330109
2425.78 0.00374996
2427.73 -0.00243053
2429.69 0.00631777
2431.64 0.00412381
2433.59 0.00539611
2435.55 0.0030818
2437.5 0.00402697
2439.45 0.00835725
2441.41 0.00212949
2443.36 0.00231309
2445.31 0.00556657
2447.27 0.00119637
2449.22 0.00285644
2451.17 0.00558743
2453.12 3.71092e-05
2455.08 0.0055846
2457.03 0.00611778
2458.98 0.00407689
2460.94 0.00508371
2462.89 -0.00456247
2464.84 0.00550834
2466.8 0.00868756
2468.75 0.0011086
2470.7 0.00577967
2472.66 0.0063708
2474.61 0.00416537
2476.56 0.00775922
2478.52 0.000674157
2480.47 0.00623488
2482.42 0.0088588
2484.38 0.00121178
2486.33 0.00739831
2488.28 0.000487529
2490.23 0.00690242
2492.19 0.00431271
2494.14 0.00374853
2496.09 0.00427347
2498.05 0.00544097
2500 0.00554976
2501.95 0.00552195
2503.91 0.00802189
2505.86 0.00129834
2507.81 0.00393862
2509.77 0.00280984
2511.72 0.0035814
2513.67 0.000193384
2515.62 -0.00281347
2517.58 0.00711346
2519.53 0.000830617
2521.48 -0.00227932
2523.44 0.0063323
2525.39 0.00652392
2527.34 0.00659944
2529.3 0.00571321
2531.25 0.00359876
2533.2 0.00462128
2535.16 0.00716992
2537.11 0.00535986
2539.06 0.00370878
2541.02 0.00620051
2542.97 0.00689864
2544.92 -0.00127336
2546.88 0.00167467
2548.83 0.00323658
2550.78 0.00411917
2552.73 0.00389861
2554.69 0.00490385
2556.64 0.0046744
2558.59 0.00725047
2560.55 0.00263418
2562.5 -0.00111096
2564.45 0.00282933
2566.41 0.00373737
2568.36 0.00501067
2570.31 0.00291646
2572.27 0.0050085
2574.22 0.00318712
2576.17 -0.000270778
2578.12 0.00265315
2580.08 0.00116533
2582.03 0.00105215
2583.98 -0.000220082
2585.94 0.00311813
2587.89 0.00673842
2589.84 0.00822988
2591.8 0.00372032
2593.75 0.00620679
2595.7 0.000320165
2597.66 0.00315458
2599.61 0.00319889
2601.56 0.00288915
2603.52 0.00357277
2605.47 0.00020069
2607.42 0.00347351
2609.38 0.00173277
2611.33 0.00440772
2613.28 0.00596911
2615.23 -0.000379702
2617.19 0.00480454
2619.14 0.000249834
2621.09 0.00676973
2623.05 0.00390348
2625 0.00386165
2626.95 0.00403797
2628.91 -0.00272228
2630.86 0.00404943
2632.81 -0.00142459
2634.77 0.00375547
2636.72 -0.000934962
2638.67 0.00729259
2640.62 0.00565079
2642.58 0.00117977
2644.53 0.00311914
2646.48 0.00404928
2648.44 0.00154375
2650.39 0.003812
2652.34 0.00634182
2654.3 0.00814354
2656.25 0.000467386
2658.2 0.00209981
2660.16 0.00417108
2662.11 0.00329657
2664.06 0.00121978
2666.02 0.00500933
2667.97 0.0069041
2669.92 0.00657336
2671.88 -4.29891e-05
2673.83 0.00597132
2675.78 0.00607058
2677.73 0.0060805
2679.69 0.00502622
2681.64 0.00595098
2683.59 0.00222937
2685.55 0.00592439
2687.5 0.000343899
2689.45 0.00383182
2691.41 0.00243465
2693.36 0.00193897
2695.31 0.00469874
2697.27 0.00515094
2699.22 0.00292948
2701.17 0.00265624
2703.12 0.00367934
2705.08 0.00663369
2707.03 -0.00281157
2708.98 0.00373256
2710.94 -0.00213726
2712.89 0.00412062
2714.84 0.00603315
2716.8 0.0040636
2718.75 0.00177731
2720.7 -0.00369399
2722.66 0.00457817
2724.61 0.00541063
2726.56 0.0027028
2728.52 0.000304773
2730.47 0.00328432
2732.42 -0.00122075
2734.38 0.00118232
2736.33 0.00477384
2738.28 0.00505974
2740.23 0.0026047
2742.19 0.000482627
2744.14 -0.00121551
2746.09 -0.000405847
2748.05 -0.00381315
2750 -0.000230157
2751.95 0.00247698
2753.91 0.00327427
2755.86 0.00324328
2757.81 0.00224012
2759.77 0.00499804
2761.72 0.00188212
2763.67 -0.00714451
2765.62 -0.000172869
2767.58 0.00403267
2769.53 -0.000547942
2771.48 0.00420598
2773.44 0.00386096
2775.39 0.00531712
2777.34 0.00395959
2779.3 0.00490508
2781.25 0.000645911
2783.2 0.00702555
2785.16 0.00537265
2787.11 0.00186124
2789.06 0.00473116
2791.02 0.00425531
2792.97 0.00457647
2794.92 0.00367773
2796.88 0.00273412
2798.83 0.00370696
2800.78 0.00154101
2802.73 0.00314719
2804.69 0.00239467
2806.64 0.00214971
2808.59 -0.00424045
2810.55 0.00125097
2812.5 0.00530777
2814.45 0.00436469
2816.41 -0.00481861
2818.36 0.00301493
2820.31 0.00495354
2822.27 0.00187624
2824.22 -0.00509413
2826.17 0.00384328
2828.12 0.00167951
2830.08 0.000134954
2832.03 -0.00717248
2833.98 0.00149471
2835.94 -0.00220742
2837.89 0.0039871
2839.84 0.00486082
2841.8 0.000114057
2843.75 0.0039676
2845.7 0.00371994
2847.66 0.00427032
2849.61 0.00401231
2851.56 -0.000333134
2853.52 0.00296737
2855.47 -0.000887502
2857.42 0.00363228
2859.38 -0.00116582
2861.33 0.0030646
2863.28 0.00310938
2865.23 0.00106194
2867.19 -0.000267287
2869.14 -0.00263267
2871.09 0.00474089
2873.05 0.0047572
2875 -9.39817e-05
2876.95 0.00155953
2878.91 0.00187591
2880.86 0.00319179
2882.81 -0.00207608
2884.77 0.00310637
2886.72 0.000267211
2888.67 0.00301674
2890.62 0.00293312
2892.58 0.00260323
2894.53 0.00240578
2896.48 0.00202821
2898.44 0.00130318
2900.39 -0.0013858
2902.34 0.00330238
2904.3 0.00672613
2906.25 -0.000100579
2908.2 0.00278413
2910.16 -7.67198e-05
2912.11 0.00187946
2914.06 0.00104297
2916.02 0.00410097
2917.97 0.00271825
2919.92 -0.00127028
2921.88 0.00214218
2923.83 0.00268075
2925.78 0.00232594
2927.73 -0.00929529
2929.69 0.00315373
2931.64 0.00276673
2933.59 0.00663003
2935.55 -0.00348679
2937.5 -0.000888492
2939.45 0.00314099
2941.41 0.00437845
2943.36 -0.00235896
2945.31 0.00259245
2947.27 -0.00283771
2949.22 0.00222302
2951.17 0.00175805
2953.12 0.000141806
2955.08 0.0014317
2957.03 0.00296512
2958.98 -0.00294077
2960.94 0.00171862
2962.89 0.00299501
2964.84 0.00578813
2966.8 -0.00199034
2968.75 0.000722323
2970.7 -0.00380894
2972.66 -0.000117177
2974.61 0.00358227
2976.56 0.00379849
2978.52 -0.000554158
2980.47 0.00529912
2982.42 -0.00128008
2984.38 0.000161348
2986.33 0.00505529
2988.28 0.00374757
2990.23 0.00815565
2992.19 0.00154106
2994.14 0.0029233
2996.09 0.00201879
2998.05 -0.000372342
3000 -0.00233248
3001.95 0.00297092
3003.91 -0.00367232
3005.86 0.000580307
3007.81 0.00215518
3009.77 0.00241849
3011.72 0.00124179
3013.67 0.00143997
3015.62 0.000502115
3017.58 -0.00694015
3019.53 0.00030465
3021.48 0.000442642
3023.44 -0.00356931
3025.39 0.00189722
3027.34 -0.00598115
3029.3 0.00371511
3031.25 0.00076321
3033.2 -0.00154785
3035.16 -0.00030032
3037.11 -0.000961977
3039.06 -1.56586e-05
3041.02 -0.00106797
3042.97 3.32624e-05
3044.92 -0.000481046
3046.88 -0.000666474
3048.83 0.000142394
3050.78 -0.00376431
3052.73 0.00309407
3054.69 -0.0027577
3056.64 -0.00625293
3058.59 -0.00290567
3060.55 0.00168349
3062.5 0.000515983
3064.45 -0.00290231
3066.41 -0.00130646
3068.36 0.000562889
3070.31 -0.00438563
3072.27 -0.00715581
3074.22 -0.00217664
3076.17 -0.00889149
3078.12 -0.00542981
3080.08 -0.00109391
3082.03 -0.0035243
3083.98 -0.00739388
3085.94 -0.00325157
3087.89 -0.00820023
3089.84 -0.0024194
3091.8 -0.011613
3093.75 -0.014596
3095.7 -0.00691199
3097.66 -0.00460693
3099.61 -0.00766789
3101.56 -0.00664301
3103.52 -0.00512168
3105.47 -0.00511905
3107.42 -0.00712229
3109.38 -0.00689788
3111.33 -0.00470541
3113.28 -0.00200854
3115.23 -0.00996148
3117.19 -0.0107914
3119.14 -0.00556126
3121.09 -0.00534032
3123.05 -0.00567341
3125 -0.00801335
3126.95 -0.00482559
3128.91 -0.0138825
3130.86 -0.0089262
3132.81 -0.00316315
3134.77 -0.00724371
3136.72 -0.00944818
3138.67 -0.00987325
3140.62 -0.00874996
3142.58 -0.00733418
3144.53 -0.0137226
3146.48 -0.0105354
3148.44 -0.0125753
3150.39 -0.00401077
3152.34 -0.0139449
3154.3 -0.0103346
3156.25 -0.00968472
3158.2 -0.0095686
3160.16 -0.00759877
3162.11 -0.0164322
3164.06 -0.0104425
3166.02 -0.00939582
3167.97 -0.00829033
3169.92 -0.00984536
3171.88 -0.00649677
3173.83 -0.0121425
3175.78 -0.0141995
3177.73 -0.0115755
3179.69 -0.0151364
3181.64 -0.00728041
3183.59 -0.00788114
3185.55 -0.0135666
3187.5 -0.0122644
3189.45 -0.0133569
3191.41 -0.0108487
3193.36 -0.0146135
3195.31 -0.0166959
3197.27 -0.0169973
3199.22 -0.00732515
3201.17 -0.0165391
3203.12 -0.0140693
3205.08 -0.0140971
3207.03 -0.0103077
3208.98 -0.00960339
3210.94 -0.00878123
3212.89 -0.0152628
3214.84 -0.0171337
3216.8 -0.0149543
3218.75 -0.0156263
3220.7 -0.0112736
3222.66 -0.00779795
3224.61 -0.0107615
3226.56 -0.0122458
3228.52 -0.0120835
3230.47 -0.00982492
3232.42 -0.0168525
3234.38 -0.0249795
3236.33 -0.0112649
3238.28 -0.0166579
3240.23 -0.0147007
3242.19 -0.0140113
3244.14 -0.014547
3246.09 -0.0118421
3248.05 -0.013163
3250 -0.0187382
3251.95 -0.0119019
3253.91 -0.0128024
3255.86 -0.0156209
3257.81 -0.0187326
3259.77 -0.0130728
3261.72 -0.0136834
3263.67 -0.0161792
3265.62 -0.0141869
3267.58 -0.0135947
3269.53 -0.0104024
3271.48 -0.0132119
3273.44 -0.0133095
3275.39 -0.0192557
3277.34 -0.0129108
3279.3 -0.0139242
3281.25 -0.0122161
3283.2 -0.0353447
3285.16 -0.0138151
3287.11 -0.0126216
3289.06 -0.0124448
3291.02 -0.0118216
3292.97 -0.0253169
3294.92 -0.0164713
3296.88 -0.0182285
3298.83 -0.0138381
3300.78 -0.015022
3302.73 -0.0146594
3304.69 -0.0159717
3306.64 -0.0123041
3308.59 -0.0177099
3310.55 -0.015546
3312.5 -0.0162649
3314.45 -0.0138959
3316.41 -0.0164481
3318.36 -0.0159418
3320.31 -0.0155822
3322.27 -0.0141304
3324.22 -0.0172951
3326.17 -0.0186572
3328.12 -0.0159958
3330.08 -0.0146608
3332.03 -0.0152693
3333.98 -0.0137968
3335.94 -0.014309
3337.89 -0.0170843
3339.84 -0.0140353
3341.8 -0.0178964
3343.75 -0.0122375
3345.7 -0.0200857
3347.66 -0.0151097
3349.61 -0.0260322
3351.56 -0.0133485
3353.52 -0.0151238
3355.47 -0.0132482
3357.42 -0.0153025
3359.38 -0.0171506
3361.33 -0.014563
3363.28 -0.0146831
3365.23 -0.0135091
3367.19 -0.0172599
3369.14 -0.0155137
3371.09 -0.0187925
3373.05 -0.0151481
3375 -0.0153607
3376.95 -0.0144139
3378.91 -0.0154413
3380.86 -0.016029
3382.81 -0.018639
3384.77 -0.015716
3386.72 -0.0146142
3388.67 -0.0137683
3390.62 -0.0187428
3392.58 -0.017308
3394.53 -0.0167425
3396.48 -0.0135606
3398.44 -0.0162842
3400.39 -0.0175633
3402.34 -0.0168668
3404.3 -0.0152358
3406.25 -0.0149697
3408.2 -0.0180396
3410.16 -0.0138011
3412.11 -0.0202669
3414.06 -0.0154168
3416.02 -0.0202001
3417.97 -0.014125
3419.92 -0.015267
3421.88 -0.0154003
3423.83 -0.0183724
3425.78 -0.016356
3427.73 -0.0172234
3429.69 -0.0152747
3431.64 -0.0147473
3433.59 -0.0193928
3435.55 -0.0188551
3437.5 -0.0162523
3439.45 -0.0153369
3441.41 -0.0162197
3443.36 -0.0157655
3445.31 -0.0183546
3447.27 -0.0169504
3449.22 -0.0164443
3451.17 -0.0154596
3453.12 -0.0171957
3455.08 -0.0154118
3457.03 -0.0272088
3458.98 -0.0158273
3460.94 -0.0171022
3462.89 -0.0143951
3464.84 -0.0176665
3466.8 -0.0183595
3468.75 -0.017173
3470.7 -0.0154623
3472.66 -0.0154188
3474.61 -0.017618
3476.56 -0.0152034
3478.52 -0.0219782
3480.47 -0.0151837
3482.42 -0.0192954
3484.38 -0.0151313
3486.33 -0.0174954
3488.28 -0.0154009
3490.23 -0.0185708
3492.19 -0.0171479
3494.14 -0.0158987
3496.09 -0.0158122
3498.05 -0.0163969
3500 -0.0211138
3501.95 -0.0173998
3503.91 -0.0167281
3505.86 -0.0160524
3507.81 -0.0167161
3509.77 -0.0173563
3511.72 -0.0207639
3513.67 -0.0181966
3515.62 -0.0171031
3517.58 -0.0153584
3519.53 -0.0186667
3521.48 -0.0169289
3523.44 -0.0210289
3525.39 -0.0165718
3527.34 -0.0171147
3529.3 -0.0149125
3531.25 -0.018985
3533.2 -0.0183891
3535.16 -0.0181056
3537.11 -0.0158421
3539.06 -0.0155289
3541.02 -0.0202728
3542.97 -0.0163857
3544.92 -0.0196242
3546.88 -0.0154567
3548.83 -0.0182115
3550.78 -0.0158118
3552.73 -0.0168188
3554.69 -0.0171005
3556.64 -0.0187148
3558.59 -0.0169089
3560.55 -0.0164356
3562.5 -0.0164871
3564.45 -0.017283
3566.41 -0.0183995
3568.36 -0.0173603
3570.31 -0.0169721
3572.27 -0.0160487
3574.22 -0.0171198
3576.17 -0.0175283
3578.12 -0.0175239
3580.08 -0.0167971
3582.03 -0.0174847
3583.98 -0.0162827
3585.94 -0.0176031
3587.89 -0.0167246
3589.84 -0.0207233
3591.8 -0.0163918
3593.75 -0.0169055
3595.7 -0.0163509
3597.66 -0.0183991
3599.61 -0.0184517
3601.56 -0.0170693
3603.52 -0.0169064
3605.47 -0.0164629
3607.42 -0.0182559
3609.38 -0.0174646
3611.33 -0.0187853
3613.28 -0.0162778
3615.23 -0.0178829
3617.19 -0.0170638
3619.14 -0.0183764
3621.09 -0.0174392
3623.05 -0.0180638
3625 -0.0174179
3626.95 -0.0171905
3628.91 -0.0174499
3630.86 -0.0180299
3632.81 -0.0179281
3634.77 -0.017727
3636.72 -0.016968
3638.67 -0.0175902
3640.62 -0.0178956
3642.58 -0.0176883
3644.53 -0.0177618
3646.48 -0.0172232
3648.44 -0.0178188
3650.39 -0.0169802
3652.34 -0.0180695
3654.3 -0.0173932
3656.25 -0.0183379
3658.2 -0.0170285
3660.16 -0.017683
3662.11 -0.0170469
3664.06 -0.0181572
3666.02 -0.0178233
3667.97 -0.0177829
3669.92 -0.0173142
3671.88 -0.0169839
3673.83 -0.0183333
3675.78 -0.0177281
3677.73 -0.0178688
3679.69 -0.0170479
3681.64 -0.0176782
3683.59 -0.0174473
3685.55 -0.0179529
3687.5 -0.0177485
3689.45 -0.0177843
3691.41 -0.0172291
3693.36 -0.0177026
3695.31 -0.0177068
3697.27 -0.0180252
3699.22 -0.0177868
3701.17 -0.0177337
3703.12 -0.0174366
3705.08 -0.0178529
3707.03 -0.0179396
3708.98 -0.0180598
3710.94 -0.0175202
3712.89 -0.0175274
3714.84 -0.0180027
3716.8 -0.0177747
3718.75 -0.0180782
3720.7 -0.0175065
3722.66 -0.0180837
3724.61 -0.0175211
3726.56 -0.0180784
3728.52 -0.017692
3730.47 -0.018173
3732.42 -0.0177361
3734.38 -0.0179642
3736.33 -0.0177593
3738.28 -0.017817
3740.23 -0.0180178
3742.19 -0.017989
3744.14 -0.0180088
3746.09 -0.0175935
3748.05 -0.0179247
3750 -0.0178632
3751.95 -0.0180768
3753.91 -0.0178139
3755.86 -0.0178498
3757.81 -0.0177765
3759.77 -0.0179533
3761.72 -0.0179346
3763.67 -0.0181222
3765.62 -0.017879
3767.58 -0.0178237
3769.53 -0.0177238
3771.48 -0.0179807
3773.44 -0.0179584
3775.39 -0.0180441
3777.34 -0.0177708
3779.3 -0.0178732
3781.25 -0.0178898
3783.2 -0.0180876
3785.16 -0.0180186
3787.11 -0.0178388
3789.06 -0.0179239
3791.02 -0.0178359
3792.97 -0.0182097
3794.92 -0.0179005
3796.88 -0.0179926
3798.83 -0.017898
3800.78 -0.0179765
3802.73 -0.0178651
3804.69 -0.0181113
3806.64 -0.0179887
3808.59 -0.0179685
3810.55 -0.0179032
3812.5 -0.0179987
3814.45 -0.0180489
3816.41 -0.0179834
3818.36 -0.0180244
3820.31 -0.0179068
3822.27 -0.0179876
3824.22 -0.0179487
3826.17 -0.0180444
3828.12 -0.0180388
3830.08 -0.0180304
3832.03 -0.0179958
3833.98 -0.0180461
3835.94 -0.0179735
3837.89 -0.0180705
3839.84 -0.018013
3841.8 -0.0180747
3843.75 -0.0179344
3845.7 -0.0181294
3847.66 -0.0179694
3849.61 -0.0180082
3851.56 -0.0180241
3853.52 -0.0179652
3855.47 -0.0179619
3857.42 -0.0180101
3859.38 -0.0181103
3861.33 -0.0180297
3863.28 -0.0180403
3865.23 -0.0179276
3867.19 -0.0181566
3869.14 -0.0179804
3871.09 -0.0180608
3873.05 -0.0180231
3875 -0.0180141
3876.95 -0.017975
3878.91 -0.0179955
3880.86 -0.0181022
3882.81 -0.0180731
3884.77 -0.0180446
3886.72 -0.0180428
3888.67 -0.0180656
3890.62 -0.0180972
3892.58 -0.0180735
3894.53 -0.0179788
3896.48 -0.0180563
3898.44 -0.0180773
3900.39 -0.0180867
3902.34 -0.018058
3904.3 -0.0180837
3906.25 -0.018039
3908.2 -0.018096
3910.16 -0.0179698
3912.11 -0.018081
3914.06 -0.018083
3916.02 -0.018127
3917.97 -0.0180845
3919.92 -0.0180811
3921.88 -0.0181408
3923.83 -0.0181782
3925.78 -0.0181279
3927.73 -0.0181295
3929.69 -0.0180345
3931.64 -0.0181001
3933.59 -0.0180875
3935.55 -0.0181449
3937.5 -0.0180563
3939.45 -0.0181491
3941.41 -0.018156
3943.36 -0.0181772
3945.31 -0.0180939
3947.27 -0.0181312
3949.22 -0.0180891
3951.17 -0.0181174
3953.12 -0.0181003
3955.08 -0.0181076
3957.03 -0.0181776
3958.98 -0.0181248
3960.94 -0.0180698
3962.89 -0.0180898
3964.84 -0.0180751
3966.8 -0.0180749
3968.75 -0.0181196
3970.7 -0.0180903
3972.66 -0.0180778
3974.61 -0.0180938
3976.56 -0.0181453
3978.52 -0.0181414
3980.47 -0.0180472
3982.42 -0.0181584
3984.38 -0.0180657
3986.33 -0.0181312
3988.28 -0.0180982
3990.23 -0.0181832
3992.19 -0.0181151
3994.14 -0.0180877
3996.09 -0.0181467
